$ 1 0.000005 114.32915054483153 51 5 50 5e-11
g 176 592 128 592 0 0
R 240 560 128 560 0 0 40 7.4 0 0 0.5
R 1168 144 1200 144 4 5 15000 1 0.3 0 0.075
w 160 96 1168 96 0
w 160 80 1168 80 0
x 82 84 113 87 4 12 Aud\sL
x 82 101 115 104 4 12 Aud\sR
x 25 40 207 43 4 24 PowerPlay\sAV\sIN
x 1124 43 1307 46 4 24 Goggles\sAV\sOUT
x 1227 100 1260 103 4 12 Aud\sR
x 1227 83 1258 86 4 12 Aud\sL
x 1223 145 1266 148 4 12 Video\sIn
x 1210 194 1263 197 4 12 Ground\sIn
x 57 196 97 199 4 12 Ground
x 67 149 97 152 4 12 Video
x 16 647 229 650 4 24 PowerPlay\sDC\sOUT
x 1138 651 1299 654 4 24 Goggles\sDC\sIN
O 144 144 112 144 0 0
b 42 61 165 210 0
x 1178 563 1264 566 4 12 DC\spassthrough
b 1139 537 1295 612 0
x 1179 597 1288 600 4 12 Ground\spassthrough
b 1166 61 1273 210 0
w 160 80 128 80 0
w 160 96 128 96 0
w 1168 80 1216 80 0
w 1168 96 1216 96 0
x 45 594 105 597 4 12 DC\sGround
x 46 563 100 566 4 12 DC\sPower
b 34 537 158 612 0
b 143 325 268 411 0
x 163 375 259 378 4 14 Buck\sConverter
r 176 400 240 400 0 330
O 144 192 112 192 0 0
R 240 304 240 352 0 0 40 3.3 0 0 0.5
w 240 400 240 560 0
w 240 560 1136 560 0
w 1136 560 1168 560 0
w 176 400 176 592 0
w 1136 592 1168 592 0
w 144 192 384 192 0
w 160 352 160 384 0
w 160 384 176 384 0
w 176 384 176 400 0
w 1088 192 1168 192 0
w 1168 192 1200 192 0
w 176 352 176 336 0
w 160 352 176 352 0
x 149 341 171 344 4 12 Neg
x 244 340 264 343 4 12 Pos
x 147 401 169 404 4 12 Neg
x 244 404 264 407 4 12 Pos
x 111 343 130 346 4 12 Out
x 121 399 131 402 4 12 In
a 832 352 752 352 9 1.1 0.005 1000000 0.23886925985548757 -0.07476148028902482 1
w 1104 144 1168 144 0
w 752 352 752 384 0
w 752 384 832 384 0
w 832 384 832 368 0
b 581 274 887 442 0
w 240 240 336 240 0
w 544 240 608 240 0
w 608 240 608 288 0
w 176 592 608 592 0
w 608 592 1136 592 0
w 176 304 176 336 0
w 176 272 336 272 0
w 544 272 544 464 0
w 544 464 608 464 0
w 608 464 608 432 0
x 597 309 618 312 6 12 Vs\p
x 595 426 621 429 6 12 GND
x 826 308 866 311 6 12 Ch\s1\sIN
x 743 309 783 312 6 12 Ch\s2\sIN
x 658 308 698 311 6 12 Ch\s3\sIN
x 650 429 704 432 6 12 Ch\s3\sOUT
x 737 430 791 433 6 12 Ch\s2\sOUT
x 819 430 873 433 6 12 Ch\s1\sOUT
r 608 432 608 288 0 450
c 992 144 992 256 4 2.2e-7 0.37476210330136056 0.001 0.1
w 752 400 848 400 0
w 848 400 848 432 0
w 944 448 944 176 0
w 944 144 208 144 0
w 208 144 144 144 0
x 679 262 780 265 4 24 THS7314
r 144 144 144 160 0 75
w 752 384 752 400 0
w 848 336 832 336 0
w 992 256 848 256 0
w 992 144 1104 144 0
w 848 336 848 288 0
w 848 256 848 288 0
w 944 448 944 480 0
c 848 480 544 480 4 4.7e-10 0.1111198197946926 0.001 0.1
w 544 480 544 464 0
w 176 240 176 272 0
r 1168 560 1168 592 0 12
w 848 480 944 480 0
w 944 176 944 144 0
d 208 240 176 240 2 default-led
r 240 240 208 240 0 1000
w 336 240 544 240 0
c 240 304 176 304 4 0.00001 3.3 0.001 0.1
c 544 240 544 272 4 1e-7 3.3 0.001 0.1
w 544 272 336 272 0
r 848 432 848 480 0 75
r 992 256 992 496 0 12000
w 240 304 240 240 0
w 176 304 176 272 0
w 992 496 544 496 0
w 544 496 544 480 0
w 1088 192 1088 496 0
w 992 496 1088 496 0
w 384 192 384 480 0
w 384 480 544 480 0
g 144 160 64 160 0 0
x 268 17 1066 41 4 18 Anything\swithin\sthe\sdashed\sboxes\scan\sbe\signored\sand\sis\sjust\sthere\sfor\ssimulating\sload\sor\ssignal\spath.\s\\nOnly\sworry\sabout\scomponents\soutside\sof\sthe\sboxes
x 1032 348 1367 435 4 18 This\sresistor\scould\sbe\sas\slow\sas\s10k\sor\sas\s\\nhigh\sas\s20k.\s\\nThe\slower\sthe\sbetter\sfor\scutting\sdown\s\\nnoise\sbut\sunder\s12k\s\\nI\ssaw\ssync\sand\scolor\sproblems
